mwmon primitives:
SYNC_PERIOD= 500
3.499692
3.279572
3.323780
3.254670
3.169593
3.028547
3.599045
3.660332
3.479302
3.499695
3.634009
3.285019
3.423431
3.638435
3.067723
3.474479
3.472818
3.366949
3.399579
3.529048
3.385277
3.293420
3.852552
3.148243
3.265063
3.512198
3.686007
3.524789
3.529878
3.622928
3.153483
3.454260
3.261072
3.627180
3.245925
3.773011
3.150549
3.545020
3.456433
3.117825


pthread primitives:
SYNC_PERIOD= 500
3.586081
3.742225
4.015704
3.479356
3.696439
2.654826
3.117777
3.176551
3.235672
3.472687
3.317009
3.141377
3.427978
3.541742
3.486312
3.205452
3.377806
3.299275
3.541053
3.642903
3.765335
3.936575
3.119880
3.541273
3.021446
3.486774
3.876594
3.351067
3.963883
3.654791
3.585089
3.655346
3.811530
3.186621
3.366086
3.550518
3.276431
3.855228
3.349376
3.284012


spinpause primitives:
SYNC_PERIOD= 500
4.395588
4.181247
3.661498
4.561832
4.030162
4.472509
3.794406
4.329263
4.031113
4.527118
4.056614
3.796841
3.925306
4.265981
4.455710
4.205454
4.372897
3.948537
4.621739
4.764127
4.055798
3.916985
4.257324
4.265871
3.919227
4.715626
4.211751
4.584414
4.278433
4.157159
3.820358
3.979939
3.747241
4.404301
4.487749
3.911326
4.259690
4.376794
4.314719
3.898353


spinhalt primitives:
SYNC_PERIOD= 500
3.890038
3.169367
3.465945
2.790198
2.831659
3.610205
3.437736
3.269299
3.762835
3.195396
3.694859
3.189562
3.052309
3.530035
3.427342
3.125908
3.334112
3.713493
3.538078
3.144383
3.445168
3.819230
3.708507
3.006223
3.673470
2.767679
3.971183
3.695394
3.440789
3.595294
3.488481
3.399716
3.456172
3.765067
3.335598
3.249957
3.363823
3.440523
3.260199
3.682496


