mwmon primitives: total work time
SYNC_PERIOD= 5
3.843051 
3.394131 
3.757577 
3.622689 
3.760243 
3.293269 
3.819635 
3.506601 
3.442410 
3.016004 
3.186318 
3.156682 
3.339301 
3.297249 
3.528196 
3.420015 
3.044034 
3.206030 
3.217360 
3.407738 
3.235749 
3.520560 
3.349635 
3.459633 
3.594492 
3.597795 
3.297951 
3.727208 
3.130643 
3.295945 
3.721523 
3.700155 
3.329122 
3.484324 
3.515995 
2.988596 
3.283252 
3.765223 
3.800881 
3.523422 


SYNC_PERIOD= 10
3.344440 
2.912910 
3.194083 
3.451867 
3.436944 
3.493582 
3.606908 
3.316802 
3.630763 
3.431732 
3.164446 
3.922843 
3.195522 
3.969284 
3.192613 
3.488436 
4.154459 
3.650514 
3.072948 
3.396982 
3.290921 
3.376482 
3.388007 
3.561019 
3.698944 
3.093205 
3.189734 
3.289810 
3.483720 
3.513705 
3.323863 
3.574366 
3.194224 
3.438321 
3.522501 
3.871353 
3.549715 
3.579256 
3.732057 
3.226991 


SYNC_PERIOD= 15
3.430973 
3.441002 
2.785894 
3.557108 
3.511505 
3.299970 
3.464086 
3.432495 
3.715629 
3.358832 
3.342143 
3.855249 
3.600292 
3.496986 
3.384813 
3.277513 
3.565735 
3.752890 
3.313216 
3.643650 
3.474359 
3.323664 
3.712846 
3.586665 
3.502522 
3.718659 
3.660711 
3.509464 
4.126465 
3.258336 
3.566379 
3.073942 
3.784134 
3.703491 
3.724515 
3.666075 
3.296783 
3.653832 
3.738926 
3.203472 


SYNC_PERIOD= 20
3.600673 
3.459961 
3.292738 
3.425109 
3.265498 
3.527692 
3.704287 
3.667885 
3.675272 
3.499834 
3.516602 
3.616020 
3.186685 
3.426016 
3.403720 
3.534827 
3.425876 
3.552504 
3.358299 
2.969929 
3.265669 
3.236064 
3.526302 
3.589565 
3.291218 
3.416537 
3.476878 
3.816395 
3.371439 
3.286992 
4.033840 
3.419754 
3.722911 
3.239913 
3.736995 
3.414280 
3.640505 
3.746844 
3.629926 
3.565156 


SYNC_PERIOD= 50
3.504531 
3.482923 
3.871230 
3.697369 
3.208808 
2.934547 
3.940746 
3.616082 
3.379634 
3.533982 
2.920523 
3.618150 
3.528301 
3.235583 
3.762395 
3.703351 
3.513178 
3.389629 
3.072106 
3.382697 
2.979618 
3.543363 
3.540873 
3.676174 
3.145970 
3.765153 
3.326950 
4.013902 
3.647289 
3.436446 
3.540171 
3.192861 
3.248346 
3.552169 
3.509490 
3.296116 
3.578020 
3.264706 
3.141380 
3.678410 


SYNC_PERIOD= 100
3.649058 
3.573066 
3.774489 
3.476217 
3.473240 
3.388300 
3.777427 
3.591977 
3.697740 
3.923291 
3.588783 
3.159784 
3.197734 
3.192596 
3.600623 
3.398772 
4.077517 
3.306108 
3.075181 
3.171279 
3.093790 
3.609783 
3.685898 
3.757858 
3.335938 
2.938890 
3.507877 
2.946719 
3.648496 
3.465442 
3.267956 
3.649756 
3.469285 
3.554269 
3.427976 
3.416938 
3.327445 
3.428930 
3.403864 
3.379809 


SYNC_PERIOD= 150
3.727787 
3.288658 
3.511727 
3.198495 
3.657077 
3.476706 
3.589721 
3.685883 
3.628481 
3.209273 
3.318170 
3.348884 
3.095440 
3.179460 
3.712444 
2.910448 
3.644121 
3.272292 
3.576020 
3.434659 
3.306504 
3.208477 
4.032757 
3.336590 
3.519399 
3.385464 
3.316569 
3.531261 
3.567259 
3.032181 
3.565804 
3.503701 
3.939987 
3.434065 
3.767656 
2.985770 
3.299864 
3.761197 
3.951787 
3.298899 


SYNC_PERIOD= 200
3.319851 
3.677510 
3.556970 
3.205118 
3.395050 
3.737190 
3.248935 
3.696354 
3.444575 
3.542167 
3.136149 
3.800984 
3.345634 
3.410039 
3.135191 
3.834723 
3.470048 
3.240753 
3.503678 
3.591573 
3.066896 
3.760906 
3.312620 
3.371072 
3.883451 
3.402695 
3.825655 
4.082489 
3.306028 
3.206819 
3.990001 
4.005462 
3.059128 
3.581061 
3.471701 
3.609820 
3.314622 
3.484619 
3.406536 
3.802840 


SYNC_PERIOD= 250
3.345399 
2.918221 
3.095025 
3.987745 
3.288397 
2.865753 
3.710209 
4.000852 
3.691111 
3.644987 
3.799870 
3.158992 
3.284830 
3.419487 
3.548559 
3.717805 
3.835197 
3.393900 
3.341561 
3.657991 
4.024320 
3.391816 
3.873805 
3.299177 
3.805915 
3.431443 
3.370362 
3.687198 
3.121873 
3.249380 
3.481449 
3.024937 
3.009389 
3.531164 
4.131832 
3.555506 
3.722535 
3.249708 
3.591296 
3.715759 


SYNC_PERIOD= 300
3.011205 
3.250369 
3.997049 
3.217628 
3.360949 
3.664970 
3.258835 
3.875201 
3.358318 
3.149597 
3.443435 
3.377185 
3.461563 
3.506718 
3.508952 
3.571008 
3.345911 
3.278712 
3.099260 
3.161006 
2.854790 
3.889477 
3.130891 
3.128961 
3.159595 
3.527859 
3.788173 
4.049926 
3.526833 
3.120550 
3.644600 
3.426309 
3.537930 
3.921571 
3.264120 
3.632140 
2.944598 
3.172191 
3.566011 
3.410664 


SYNC_PERIOD= 400
3.489233 
3.329075 
3.061760 
3.312866 
3.533110 
3.058607 
3.367651 
3.450653 
3.168114 
3.318290 
3.474667 
3.586677 
3.256457 
3.400687 
3.310063 
3.879270 
3.340865 
3.144140 
2.723922 
3.253093 
4.246502 
3.280267 
3.890675 
3.181673 
3.480863 
2.985149 
3.298413 
3.763102 
3.575357 
3.748257 
3.425076 
3.360168 
3.389080 
3.507285 
3.255661 
3.911268 
3.590172 
3.085406 
3.216363 
3.481897 


SYNC_PERIOD= 500
3.604869 
3.181509 
3.591039 
3.644217 
3.768752 
3.137041 
3.310983 
3.750407 
3.843172 
3.324779 
3.116976 
2.885679 
3.685027 
3.471609 
4.421893 
3.469700 
3.552792 
3.340529 
3.664875 
3.220928 
3.649361 
3.317085 
3.782189 
3.289899 
3.537513 
3.447537 
3.773093 
3.509719 
3.088386 
3.784311 
3.355799 
3.225130 
3.863908 
3.536444 
3.512525 
3.767229 
3.192199 
3.290528 
3.253089 
3.458338 


