pthread primitives: total work time
SYNC_PERIOD= 5
3.630499 
3.393052 
3.070261 
3.700807 
3.355690 
3.407072 
3.338006 
3.402130 
3.294162 
3.329016 
3.210107 
3.604916 
3.514311 
3.906882 
3.546010 
3.758264 
3.527004 
3.493135 
3.730435 
3.710743 
3.374330 
3.323296 
2.870845 
3.677455 
3.002415 
3.407318 
3.285794 
3.245105 
3.697365 
3.463454 
3.748731 
3.742290 
3.687934 
4.118670 
3.575712 
3.566480 
3.176917 
3.548682 
3.413590 
3.315955 


SYNC_PERIOD= 10
3.235192 
3.501215 
3.266029 
4.018165 
3.406595 
3.496441 
2.919414 
3.629319 
4.063702 
3.892221 
3.383444 
3.786856 
3.714889 
3.302080 
3.581724 
3.459587 
3.773841 
3.649357 
3.321483 
3.677113 
3.473610 
3.453337 
3.574003 
3.266248 
3.440693 
3.664788 
3.597076 
2.964451 
3.418208 
3.484068 
3.548731 
3.558455 
3.391397 
3.735972 
3.686052 
4.130852 
3.667366 
3.458444 
3.589224 
3.473945 


SYNC_PERIOD= 15
3.747980 
3.466940 
3.682855 
3.258487 
3.577263 
3.769153 
3.390960 
3.131335 
3.428382 
3.824701 
3.694517 
3.240556 
3.662585 
3.369871 
3.659055 
3.582429 
3.429611 
4.029149 
2.922169 
3.301233 
3.504774 
3.746376 
3.614301 
3.659167 
3.343459 
3.108487 
3.408291 
3.903538 
3.312227 
3.112241 
3.333410 
3.600976 
3.155778 
3.509651 
3.323702 
3.582625 
3.751923 
3.002317 
2.963203 
3.734803 


SYNC_PERIOD= 20
3.813950 
3.180126 
3.552633 
3.583855 
3.165191 
3.471103 
3.488380 
3.457721 
3.240857 
3.371942 
3.824307 
3.291127 
3.175068 
3.668122 
2.974702 
3.762805 
3.953518 
3.286334 
3.707784 
3.778750 
3.516545 
3.771759 
3.498211 
3.265747 
3.675263 
3.280982 
3.557686 
3.399493 
3.609632 
3.561476 
3.465072 
3.292174 
3.162499 
3.530118 
3.840490 
3.428784 
3.701028 
3.626216 
3.297683 
3.419657 


SYNC_PERIOD= 50
3.786354 
3.482372 
3.398971 
3.177993 
3.714145 
3.588413 
3.715306 
3.847871 
3.486486 
3.739388 
3.293286 
3.701058 
3.565327 
3.582569 
3.833945 
3.596462 
3.895856 
3.961687 
3.773294 
3.504370 
3.736698 
3.101440 
3.249779 
3.670825 
3.297894 
3.871647 
3.606661 
3.641233 
3.101833 
3.809621 
3.124244 
3.219702 
3.064829 
3.871773 
3.630354 
3.602759 
3.508598 
3.220060 
3.508013 
3.872199 


SYNC_PERIOD= 100
3.451810 
3.743806 
3.306224 
3.169719 
3.357636 
3.710083 
3.364031 
2.865723 
3.963318 
3.999791 
3.481609 
3.382969 
3.604456 
3.276627 
3.550037 
3.379090 
3.476825 
3.337403 
3.643975 
3.602008 
3.566254 
3.094597 
3.937539 
3.358588 
3.477617 
3.492229 
3.492737 
3.694194 
3.612129 
3.632419 
3.436504 
3.525480 
3.539382 
3.649276 
3.007998 
3.634161 
3.410485 
3.470004 
3.331432 
3.306720 


SYNC_PERIOD= 150
3.410370 
3.293225 
3.692888 
3.023876 
3.407156 
3.486949 
3.755757 
3.320405 
3.105758 
3.447082 
3.321743 
3.319814 
3.416325 
2.870213 
3.238985 
3.687028 
3.659756 
3.330550 
3.537654 
3.422483 
3.400971 
3.595359 
3.578737 
3.437473 
3.238536 
3.982514 
3.421393 
3.371998 
3.427322 
3.176030 
3.432555 
3.374551 
3.305061 
3.383252 
3.482468 
3.049253 
3.538134 
3.403479 
3.704525 
3.434840 


SYNC_PERIOD= 200
3.240237 
4.068970 
3.336018 
3.569904 
3.152552 
3.549060 
3.614845 
3.301505 
3.663710 
3.679497 
3.422177 
3.583972 
3.404175 
3.555898 
3.214634 
3.542582 
3.191135 
3.769731 
2.844087 
3.889572 
3.260371 
3.728835 
3.521502 
2.926586 
3.650716 
3.313796 
3.701208 
3.913140 
3.210075 
3.423180 
3.754953 
3.489568 
3.462016 
3.006596 
3.465699 
3.587691 
3.710059 
3.314961 
3.330717 
3.586244 


SYNC_PERIOD= 250
3.495248 
4.252527 
3.130586 
3.126139 
3.309627 
3.451398 
3.765871 
2.998134 
3.897283 
3.322609 
3.929280 
3.583732 
3.277200 
3.876231 
3.531041 
3.590801 
3.273746 
3.045873 
3.315613 
3.383543 
3.203083 
3.070784 
3.618176 
3.447145 
3.014641 
3.343441 
3.655547 
3.702316 
3.449476 
3.607991 
3.207514 
2.896128 
3.337353 
3.280991 
3.147962 
3.602894 
3.530459 
3.960897 
3.673989 
3.826902 


SYNC_PERIOD= 300
3.787499 
3.637665 
3.421911 
3.405548 
3.799019 
3.369390 
3.477724 
2.840149 
3.529589 
3.576553 
3.915500 
3.425383 
3.945992 
3.245342 
3.642743 
3.148003 
3.592773 
3.468076 
2.963960 
3.303791 
3.156593 
3.666291 
3.717706 
3.612377 
3.595645 
3.098949 
3.291029 
2.986641 
3.752267 
3.467563 
3.727746 
4.110661 
3.463662 
3.736063 
3.767234 
3.278954 
3.489477 
3.505313 
3.123696 
3.101055 


SYNC_PERIOD= 400
3.531249 
3.669988 
3.596163 
3.320234 
3.869477 
3.518434 
3.520981 
3.922581 
3.726549 
3.443490 
4.079415 
3.299340 
3.519547 
3.777562 
3.592894 
3.665067 
3.634302 
3.536081 
3.070590 
3.401527 
3.009557 
3.375108 
3.749876 
3.120476 
3.378654 
3.296112 
3.567855 
3.898935 
3.445007 
3.730552 
3.103688 
3.512508 
3.573577 
3.429421 
3.509572 
3.481831 
3.745814 
3.297474 
3.367749 
3.755318 


SYNC_PERIOD= 500
3.668464 
3.540648 
3.711790 
3.144825 
3.337366 
3.308971 
3.577817 
4.008663 
3.560869 
3.280520 
3.278508 
3.196259 
3.504801 
3.706373 
3.344175 
3.640670 
2.895328 
3.451374 
3.692826 
3.522495 
3.404452 
3.593568 
3.506745 
3.084274 
2.910255 
3.808188 
3.281934 
3.604898 
3.093559 
3.630631 
2.921582 
3.939099 
3.368283 
3.153888 
3.839619 
3.503101 
3.524773 
3.283450 
3.348408 
3.831923 


