spinhalt primitives: total work time
SYNC_PERIOD= 5
3.414596 
2.862813 
3.392321 
3.549833 
3.594287 
3.274165 
3.985264 
3.554967 
3.057973 
3.441618 
2.821713 
3.515078 
3.517108 
3.580738 
3.519481 
3.617504 
3.533453 
3.530586 
3.198546 
3.506686 
3.706359 
3.948558 
3.464596 
3.553336 
3.659028 
3.416605 
3.987532 
3.202796 
3.045704 
3.333679 
4.009191 
2.908636 
3.343682 
3.505199 
2.982225 
3.304969 
3.493952 
2.944361 
3.784193 
3.654181 


SYNC_PERIOD= 10
3.411022 
3.847601 
3.201500 
3.295122 
3.463820 
3.358048 
3.920399 
3.288066 
4.122801 
3.625970 
3.460071 
3.521013 
2.910203 
3.891355 
3.009686 
3.365106 
4.054459 
3.602397 
3.311086 
3.883399 
4.013532 
3.328811 
3.431616 
3.517206 
3.568075 
3.722941 
3.615548 
3.759271 
3.802225 
3.642220 
3.295580 
3.536788 
3.091835 
3.536590 
3.427990 
3.173914 
3.488671 
3.874971 
3.836827 
3.669090 


SYNC_PERIOD= 15
3.167999 
3.590656 
3.472856 
3.540764 
3.396154 
3.029036 
3.929143 
3.264444 
3.549433 
3.713104 
3.640298 
3.581695 
3.869003 
3.582049 
3.289684 
3.462894 
3.278707 
3.867402 
3.275449 
3.725260 
2.983913 
3.273543 
3.973827 
3.686649 
3.811302 
3.550021 
3.657791 
3.121367 
3.483611 
3.540087 
2.966914 
3.319297 
3.507690 
3.776227 
3.423937 
3.811822 
3.307577 
3.155126 
3.444289 
3.877416 


SYNC_PERIOD= 20
3.358051 
3.348879 
3.621735 
3.485898 
3.175800 
3.277106 
3.500584 
3.746903 
3.901939 
3.692226 
3.657564 
3.693602 
3.220773 
3.475236 
3.511966 
3.753272 
3.249190 
3.830421 
3.786405 
3.676748 
3.864961 
3.498321 
3.573179 
3.698377 
3.568719 
4.038056 
3.589836 
3.439354 
3.568407 
3.484809 
3.522818 
3.794330 
3.317467 
3.677528 
3.958227 
3.587128 
3.876909 
3.343590 
3.190387 
3.258105 


SYNC_PERIOD= 50
3.326803 
3.536103 
3.636596 
3.330153 
3.446018 
3.861329 
3.423645 
3.639726 
3.790933 
4.082880 
3.701905 
4.115036 
3.421605 
3.632942 
3.656712 
3.728031 
3.535804 
3.930415 
3.638121 
3.405740 
3.612132 
3.624068 
3.801145 
3.255323 
3.298603 
3.525342 
3.914831 
3.793790 
3.396642 
4.061991 
3.473706 
3.516356 
3.716173 
3.811453 
3.445201 
3.222983 
3.534450 
3.336218 
3.591337 
3.869273 


SYNC_PERIOD= 100
3.670611 
3.305341 
3.231782 
3.809203 
3.834639 
3.688902 
3.656924 
3.822738 
4.234244 
3.482185 
3.686185 
3.658018 
3.618637 
3.689609 
3.023800 
3.623964 
3.436012 
3.286980 
3.413795 
3.755540 
3.500751 
3.249853 
3.310520 
3.540867 
3.507813 
3.330677 
3.115090 
4.001891 
3.227648 
2.821436 
3.718789 
3.563822 
3.570708 
3.546144 
3.674986 
3.819152 
3.678179 
3.711787 
3.326486 
2.833279 


SYNC_PERIOD= 150
3.403169 
3.170978 
3.831101 
3.867005 
3.781011 
3.587444 
3.387892 
3.489497 
3.788475 
3.308015 
3.972365 
3.846521 
3.385335 
3.341904 
2.890619 
3.550707 
3.332854 
3.487300 
3.339587 
3.368873 
3.973139 
3.607820 
3.661965 
3.201258 
3.365560 
3.159334 
3.126578 
3.333834 
3.746198 
3.443440 
3.570609 
3.739017 
3.309537 
3.234251 
3.727644 
3.569486 
3.523603 
3.589065 
3.642651 
3.482873 


SYNC_PERIOD= 200
3.802787 
3.382408 
3.793548 
3.713373 
3.364026 
3.458053 
3.174887 
3.507263 
3.877694 
3.498573 
3.370056 
3.152374 
3.151728 
3.117844 
3.731109 
3.368579 
3.137351 
3.689942 
3.728189 
3.484735 
3.466313 
3.470206 
3.754140 
3.011349 
3.664250 
3.592869 
3.366959 
3.592286 
3.328664 
3.542947 
3.463985 
3.763801 
3.376849 
3.782382 
3.027490 
3.260275 
4.038373 
3.308433 
4.131910 
3.480477 


SYNC_PERIOD= 250
3.233656 
3.867127 
3.236318 
3.336669 
3.482419 
3.484475 
3.915211 
3.664277 
3.766300 
3.401566 
2.460293 
3.818275 
3.419320 
3.140060 
3.620521 
3.681443 
3.026284 
3.619482 
2.821597 
3.515319 
3.408388 
4.001025 
3.576639 
3.015883 
3.875835 
3.529018 
3.941553 
3.436677 
3.869699 
3.542724 
3.608635 
3.317624 
3.272724 
3.643670 
3.600164 
3.798310 
2.804099 
3.328252 
3.119046 
3.645908 


SYNC_PERIOD= 300
3.662943 
3.256800 
3.593028 
3.626644 
3.284994 
3.634564 
3.038574 
3.284683 
3.516065 
3.284482 
3.677842 
3.686119 
3.159179 
4.030617 
3.759718 
3.502499 
4.205809 
4.112832 
3.385627 
3.302559 
3.848779 
3.812194 
3.435805 
4.046666 
3.515083 
3.405704 
3.232157 
3.183120 
3.672339 
3.439893 
3.316375 
3.450390 
3.221983 
3.114889 
3.522347 
3.126673 
3.554831 
3.258977 
3.738074 
4.223828 


SYNC_PERIOD= 400
3.699003 
3.580656 
3.280287 
3.308618 
3.739617 
3.498648 
3.606831 
3.713259 
3.734943 
3.635552 
3.678107 
2.966944 
3.510012 
3.265166 
3.601770 
3.815575 
3.108244 
3.067943 
3.421772 
3.369949 
3.856912 
3.714285 
3.289049 
3.906551 
3.721116 
3.612103 
2.991454 
3.867185 
3.569374 
3.320695 
3.593129 
3.146395 
3.266456 
3.211220 
3.815446 
3.349761 
3.882551 
3.414189 
3.943787 
3.335245 


SYNC_PERIOD= 500
3.634984 
3.571441 
3.377200 
3.530602 
3.861349 
3.461883 
3.060484 
3.442011 
3.415990 
3.480024 
3.298003 
3.107015 
3.533180 
3.509652 
3.601869 
3.025507 
3.897074 
3.567439 
3.794084 
3.511363 
3.508385 
3.069645 
3.560389 
3.948489 
3.174411 
3.028257 
2.674513 
3.762245 
2.804592 
3.400029 
3.435867 
3.830619 
3.284488 
3.664749 
3.111332 
3.439402 
3.313230 
3.541163 
3.523728 
3.240450 


