spinpause primitives: total work time
SYNC_PERIOD= 5
4.113528 
4.044492 
4.100126 
4.280572 
4.165076 
4.068650 
4.245387 
4.534533 
4.796846 
3.994462 
3.867485 
4.399704 
4.443649 
4.066772 
4.390376 
4.528457 
4.296116 
4.343290 
4.396331 
4.321562 
4.618044 
4.231817 
4.324748 
4.488865 
4.568663 
4.562441 
4.098161 
4.133367 
4.245620 
4.493141 
4.295185 
4.304944 
4.419642 
4.211689 
4.293482 
4.104456 
4.885072 
4.472011 
3.537950 
4.189605 


SYNC_PERIOD= 10
4.481624 
4.034645 
3.711569 
4.248899 
4.643481 
4.358048 
4.619830 
4.400837 
4.286244 
4.346369 
4.171566 
4.695288 
4.468009 
4.504480 
4.874487 
4.381967 
4.719457 
4.103563 
4.294832 
4.306301 
4.006982 
4.454726 
4.200515 
4.199831 
4.699807 
3.957175 
4.216731 
4.039013 
4.320087 
4.040222 
4.202843 
4.178692 
4.413750 
4.185591 
4.528528 
4.301830 
4.460209 
3.909264 
4.360992 
3.865454 


SYNC_PERIOD= 15
4.113017 
4.588280 
4.165482 
4.198660 
4.123850 
4.152907 
4.552439 
4.064103 
4.516931 
3.950391 
4.537176 
4.466393 
4.724280 
4.303336 
4.192444 
4.468270 
4.347137 
4.391711 
4.382624 
4.319092 
4.189923 
4.228834 
4.453684 
4.424925 
3.778819 
4.150645 
4.487708 
4.454425 
4.158401 
3.772562 
4.585897 
4.291378 
4.550201 
4.128796 
5.060607 
4.556095 
4.589579 
3.902808 
4.513631 
4.113142 


SYNC_PERIOD= 20
3.833371 
4.253422 
4.272409 
4.004563 
4.707586 
4.195607 
3.898507 
3.925380 
4.576441 
4.245321 
4.142508 
4.335640 
4.441377 
4.243157 
4.667167 
4.355513 
4.329479 
4.122372 
4.455316 
4.825001 
4.351005 
4.294049 
4.671241 
4.138550 
4.369995 
3.997767 
4.053908 
3.765823 
4.270606 
4.378656 
4.090986 
3.717042 
4.252682 
4.361005 
4.350422 
3.972660 
4.332662 
3.958103 
4.239207 
4.720169 


SYNC_PERIOD= 50
3.913562 
3.638122 
3.530593 
4.102552 
3.648351 
3.739264 
4.336513 
4.038766 
4.096594 
4.179583 
3.910975 
4.594096 
4.455968 
4.605705 
4.044060 
4.039910 
4.109728 
4.002386 
4.220126 
3.961533 
4.367426 
4.283738 
4.346989 
4.579869 
4.363179 
4.256184 
4.388566 
4.090682 
4.175944 
4.623477 
4.170576 
4.213210 
4.413078 
4.232997 
4.580025 
4.678823 
4.442811 
4.456468 
4.447664 
4.597663 


SYNC_PERIOD= 100
4.600605 
4.153489 
3.838498 
4.284255 
4.176623 
4.318926 
4.300471 
4.090511 
4.279307 
4.238707 
4.743683 
4.131602 
4.378171 
4.564449 
4.721735 
4.031575 
4.430426 
4.207858 
3.837447 
3.725383 
3.864490 
4.427764 
4.134339 
4.347539 
4.016157 
3.216314 
4.201825 
4.834941 
4.132644 
4.618674 
3.877291 
4.062984 
4.404220 
3.937729 
4.542486 
4.171504 
4.599225 
4.331475 
4.965918 
3.966357 


SYNC_PERIOD= 150
4.078489 
4.617174 
4.173687 
4.543229 
4.149880 
4.033065 
4.378609 
4.470982 
4.083288 
4.146240 
4.623606 
3.491627 
3.690556 
3.885289 
4.483741 
4.670673 
4.226940 
4.647238 
4.153379 
4.200884 
4.263579 
3.851988 
4.118444 
3.930517 
4.428075 
4.254698 
4.125844 
3.484800 
4.420684 
3.970772 
4.218544 
4.169945 
4.052644 
4.479427 
4.440389 
4.116602 
4.142841 
3.986694 
4.435849 
4.296989 


SYNC_PERIOD= 200
3.912631 
4.625374 
4.413840 
4.032858 
3.875089 
4.234441 
4.532171 
3.988686 
4.054096 
3.821665 
3.736148 
3.978011 
4.358074 
3.826091 
4.625861 
4.093201 
4.046716 
3.928304 
3.951842 
4.207559 
3.941117 
4.483404 
4.312848 
3.351369 
3.331749 
4.031675 
3.922006 
4.181561 
3.881744 
3.930885 
4.057815 
4.410840 
4.000506 
4.529608 
4.045134 
4.003105 
3.997149 
4.347298 
4.326199 
3.614378 


SYNC_PERIOD= 250
4.365212 
4.135418 
4.687031 
3.831732 
4.505676 
4.950205 
3.938868 
3.988465 
4.564553 
4.555091 
4.453448 
3.791264 
3.652992 
4.115349 
4.212829 
4.006891 
4.077761 
4.322480 
4.187055 
3.810816 
4.513929 
4.414686 
4.511680 
4.725232 
4.620779 
4.423326 
3.880804 
4.390004 
4.375410 
4.707388 
4.157191 
4.374239 
4.022350 
4.293310 
4.304789 
4.619572 
4.012546 
4.961291 
3.579443 
4.134988 


SYNC_PERIOD= 300
4.260714 
3.808199 
4.166245 
3.839338 
3.756053 
3.847167 
4.071395 
4.391016 
3.588981 
3.759925 
3.770635 
4.094271 
3.863365 
4.152775 
3.707468 
3.471247 
3.901178 
3.937041 
3.569698 
3.925101 
3.500189 
3.757072 
4.042643 
4.347225 
4.220010 
4.030115 
3.833060 
3.547856 
3.987136 
4.380941 
4.061861 
3.811388 
3.494791 
4.028446 
3.727059 
4.039201 
3.965441 
4.387731 
3.476905 
3.480305 


SYNC_PERIOD= 400
4.285428 
4.386789 
4.132015 
4.118425 
4.630055 
4.324819 
4.306824 
3.588491 
3.719010 
4.088089 
3.840040 
4.088343 
4.630495 
4.421218 
4.034904 
4.228612 
4.491562 
4.349487 
4.285938 
4.060527 
4.190974 
4.305979 
4.000273 
4.436073 
4.218166 
4.286609 
4.420046 
4.175828 
4.016232 
4.204856 
3.779546 
4.430555 
4.275186 
4.128931 
4.002809 
3.706871 
3.636266 
4.425241 
4.273345 
4.105636 


SYNC_PERIOD= 500
4.392561 
4.626085 
4.372277 
4.215590 
4.149314 
4.703744 
5.073918 
4.470593 
4.470206 
3.894453 
4.114229 
4.124422 
4.158668 
3.863421 
4.419405 
4.542415 
4.674646 
4.269539 
4.353497 
4.244985 
4.242588 
4.196973 
4.365140 
4.190221 
4.254666 
4.334652 
4.225170 
4.385427 
4.262980 
4.920027 
4.242400 
4.340128 
4.628239 
4.263577 
4.432217 
3.752849 
4.207589 
4.268918 
4.434716 
4.529232 


